[path]
out_path=/home/indujaa/DPDC/
out_dir=test1

[DEM]
dem_tiff=/home/indujaa/DPDC/P1_200.tif

[Simulation_params]
total_time=5
influx_time=200
num_vents=10
num_frames=10
timestep = .0001
cstable=0.05                              
maxstep=0.25                              
minstep=1e-5                              
order=1                                   

[Physical_params]
gravity=8.87

[Atmo_params]
rho_air=65
mu_air=1
Cp_air=1

[Volc_params]
rho_deposit=2000
rho_gas=65
mu_gas=1
Cp_gas=1
n_solid=0.01
rho_solid=3000
C_solid=1
d50=0.001
Cd=1
height=1000
centerXgeo=3959497.752,3959297.752,3959497.752,3959297.752,3959297.752,3959297.752,3959297.752,3959297.752,3959297.752,3959297.752,3959097.752,3959297.752,3959097.752,3959097.752,3959097.752,3959097.752,3959097.752,3959097.752,3959097.752,3958897.752,3959097.752,3958897.752,3958897.752,3958897.752,3958897.752,3958897.752,3958897.752,3958897.752
centerYgeo=1505728.4219999998,1505528.4219999998,1505528.4219999998,1505328.4219999998,1505128.4219999998,1504928.4219999998,1504728.4219999998,1504528.4219999998,1504328.4219999998,1504128.4219999998,1503928.4219999998,1503928.4219999998,1503728.4219999998,1503528.4219999998,1503328.4219999998,1503128.4219999998,1502928.4219999998,1502728.4219999998,1502528.4219999998,1502328.4219999998,1502328.4219999998,1502128.4219999998,1501928.4219999998,1501728.4219999998,1501528.4219999998,1501328.4219999998,1501128.4219999998,1500928.4219999998
velocity=0
direction=160
